plane_spec_constant_reconstruction_max_abs_err: 2.980232238769531e-07
end_to_end_pr_rel_err: 3.3475458849352435e-07
packed_roundtrip_rel_err: 3.3475458849352435e-07
autograd_smoke_passed: True
